cam_model: Pinhole
cam_width: 640
cam_height: 480
cam_fx: 526.8987329969035
cam_fy: 525.9126833039493
cam_cx: 323.81705797152637
cam_cy: 220.7985852991355
cam_d0: -0.3840422621330167
cam_d1: 0.14204948358036124
cam_d2: 0.000507920600452898
cam_d3: -0.00039094334432334397