cam_model: ATAN
cam_width: 640
cam_height: 480
cam_fx: 0.479877
cam_fy: 0.638851
cam_cx: 0.525451
cam_cy: 0.498585
cam_d0: 0.971872

rms: 0.21