cam_model: ATAN
cam_width: 320
cam_height: 240
cam_fx: 0.471215
cam_fy: 0.590947
cam_cx: 0.480063
cam_cy: 0.454337
cam_d0: 0.97829

rms: 0.4